H (hartree);  nadiab =       3; norbitals =       1
 i = 0, time =                0.000 (fs)
   1    1         0.0286725972       -0.0000380500       -0.0000010794
   2    1        -0.0000380500        0.0171638380       -0.0000007153
   3    1        -0.0000010794       -0.0000007153        0.0254551890
H (hartree);  nadiab =       3; norbitals =       1
 i = 1, time =                0.500 (fs)
   1    1         0.0295646051       -0.0000382113       -0.0000011169
   2    1        -0.0000382113        0.0177245101        0.0000001192
   3    1        -0.0000011169        0.0000001192        0.0262988225
H (hartree);  nadiab =       3; norbitals =       1
 i = 2, time =                1.000 (fs)
   1    1         0.0299913102       -0.0000383585       -0.0000011542
   2    1        -0.0000383585        0.0179802989        0.0000009721
   3    1        -0.0000011542        0.0000009721        0.0267411910
H (hartree);  nadiab =       3; norbitals =       1
 i = 3, time =                1.500 (fs)
   1    1         0.0298902883       -0.0000384928       -0.0000011912
   2    1        -0.0000384928        0.0178747635        0.0000018430
   3    1        -0.0000011912        0.0000018430        0.0267186536
H (hartree);  nadiab =       3; norbitals =       1
 i = 4, time =                2.000 (fs)
   1    1         0.0292763791       -0.0000386141       -0.0000012279
   2    1        -0.0000386141        0.0174244149        0.0000027306
   3    1        -0.0000012279        0.0000027306        0.0262430874
H (hartree);  nadiab =       3; norbitals =       1
 i = 5, time =                2.500 (fs)
   1    1         0.0282404831       -0.0000387211       -0.0000012643
   2    1        -0.0000387211        0.0167172834        0.0000036332
   3    1        -0.0000012643        0.0000036332        0.0254007890
H (hartree);  nadiab =       3; norbitals =       1
 i = 6, time =                3.000 (fs)
   1    1         0.0269273797       -0.0000388117       -0.0000013004
   2    1        -0.0000388117        0.0158906777        0.0000045485
   3    1        -0.0000013004        0.0000045485        0.0243304665
H (hartree);  nadiab =       3; norbitals =       1
 i = 7, time =                3.500 (fs)
   1    1         0.0254988965       -0.0000388829       -0.0000013363
   2    1        -0.0000388829        0.0150944787        0.0000054745
   3    1        -0.0000013363        0.0000054745        0.0231866409
H (hartree);  nadiab =       3; norbitals =       1
 i = 8, time =                4.000 (fs)
   1    1         0.0240936092       -0.0000389316       -0.0000013719
   2    1        -0.0000389316        0.0144511508        0.0000064092
   3    1        -0.0000013719        0.0000064092        0.0220996232
H (hartree);  nadiab =       3; norbitals =       1
 i = 9, time =                4.500 (fs)
   1    1         0.0227955135       -0.0000389550       -0.0000014075
   2    1        -0.0000389550        0.0140249060        0.0000073509
   3    1        -0.0000014075        0.0000073509        0.0211444978
H (hartree);  nadiab =       3; norbitals =       1
 i = 10, time =                5.000 (fs)
   1    1         0.0216213147       -0.0000389510       -0.0000014431
   2    1        -0.0000389510        0.0138096480        0.0000082986
   3    1        -0.0000014431        0.0000082986        0.0203287489
H (hartree);  nadiab =       3; norbitals =       1
 i = 11, time =                5.500 (fs)
   1    1         0.0205299696       -0.0000389187       -0.0000014788
   2    1        -0.0000389187        0.0137393051        0.0000092516
   3    1        -0.0000014788        0.0000092516        0.0196021536
H (hartree);  nadiab =       3; norbitals =       1
 i = 12, time =                6.000 (fs)
   1    1         0.0194508442       -0.0000388585       -0.0000015148
   2    1        -0.0000388585        0.0137168767        0.0000102098
   3    1        -0.0000015148        0.0000102098        0.0188852963
H (hartree);  nadiab =       3; norbitals =       1
 i = 13, time =                6.500 (fs)
   1    1         0.0183207017       -0.0000387724       -0.0000015510
   2    1        -0.0000387724        0.0136523665        0.0000111733
   3    1        -0.0000015510        0.0000111733        0.0181069050
H (hartree);  nadiab =       3; norbitals =       1
 i = 14, time =                7.000 (fs)
   1    1         0.0171167770       -0.0000386640       -0.0000015875
   2    1        -0.0000386640        0.0134968106        0.0000121422
   3    1        -0.0000015875        0.0000121422        0.0172372451
H (hartree);  nadiab =       3; norbitals =       1
 i = 15, time =                7.500 (fs)
   1    1         0.0158744660       -0.0000385380       -0.0000016245
   2    1        -0.0000385380        0.0132608773        0.0000131168
   3    1        -0.0000016245        0.0000131168        0.0163060756
H (hartree);  nadiab =       3; norbitals =       1
 i = 16, time =                8.000 (fs)
   1    1         0.0146833037       -0.0000383998       -0.0000016617
   2    1        -0.0000383998        0.0130116724        0.0000140970
   3    1        -0.0000016617        0.0000140970        0.0153988170
H (hartree);  nadiab =       3; norbitals =       1
 i = 17, time =                8.500 (fs)
   1    1         0.0136622643       -0.0000382551       -0.0000016993
   2    1        -0.0000382551        0.0128487512        0.0000150821
   3    1        -0.0000016993        0.0000150821        0.0146319481
H (hartree);  nadiab =       3; norbitals =       1
 i = 18, time =                9.000 (fs)
   1    1         0.0129225247       -0.0000381093       -0.0000017371
   2    1        -0.0000381093        0.0128675871        0.0000160711
   3    1        -0.0000017371        0.0000160711        0.0141158225
H (hartree);  nadiab =       3; norbitals =       1
 i = 19, time =                9.500 (fs)
   1    1         0.0125226553       -0.0000379653       -0.0000017750
   2    1        -0.0000379653        0.0131467357        0.0000170620
   3    1        -0.0000017750        0.0000170620        0.0139255218
H (hartree);  nadiab =       3; norbitals =       1
 i = 20, time =               10.000 (fs)
   1    1         0.0124392272       -0.0000378183       -0.0000018132
   2    1        -0.0000378183        0.0137777200        0.0000180501
   3    1        -0.0000018132        0.0000180501        0.0141007916
H (hartree);  nadiab =       3; norbitals =       1
 i = 21, time =               10.500 (fs)
   1    1         0.0126140432       -0.0000376710       -0.0000018515
   2    1        -0.0000376710        0.0146936174        0.0000190330
   3    1        -0.0000018515        0.0000190330        0.0145835851
H (hartree);  nadiab =       3; norbitals =       1
 i = 22, time =               11.000 (fs)
   1    1         0.0129335300       -0.0000375246       -0.0000018898
   2    1        -0.0000375246        0.0157715424        0.0000200077
   3    1        -0.0000018898        0.0000200077        0.0152587214
H (hartree);  nadiab =       3; norbitals =       1
 i = 23, time =               11.500 (fs)
   1    1         0.0132714454       -0.0000373796       -0.0000019281
   2    1        -0.0000373796        0.0168756555        0.0000209715
   3    1        -0.0000019281        0.0000209715        0.0159965198
H (hartree);  nadiab =       3; norbitals =       1
 i = 24, time =               12.000 (fs)
   1    1         0.0135355719       -0.0000372351       -0.0000019664
   2    1        -0.0000372351        0.0179038936        0.0000219219
   3    1        -0.0000019664        0.0000219219        0.0166993898
H (hartree);  nadiab =       3; norbitals =       1
 i = 25, time =               12.500 (fs)
   1    1         0.0137025212       -0.0000370898       -0.0000020045
   2    1        -0.0000370898        0.0188228233        0.0000228568
   3    1        -0.0000020045        0.0000228568        0.0173366531
H (hartree);  nadiab =       3; norbitals =       1
 i = 26, time =               13.000 (fs)
   1    1         0.0138283979       -0.0000369421       -0.0000020425
   2    1        -0.0000369421        0.0196783966        0.0000237744
   3    1        -0.0000020425        0.0000237744        0.0179553715
H (hartree);  nadiab =       3; norbitals =       1
 i = 27, time =               13.500 (fs)
   1    1         0.0140308090       -0.0000367905       -0.0000020804
   2    1        -0.0000367905        0.0205781006        0.0000246740
   3    1        -0.0000020804        0.0000246740        0.0186626545
H (hartree);  nadiab =       3; norbitals =       1
 i = 28, time =               14.000 (fs)
   1    1         0.0144471535       -0.0000366340       -0.0000021183
   2    1        -0.0000366340        0.0216494307        0.0000255553
   3    1        -0.0000021183        0.0000255553        0.0195843591
H (hartree);  nadiab =       3; norbitals =       1
 i = 29, time =               14.500 (fs)
   1    1         0.0151822408       -0.0000364726       -0.0000021564
   2    1        -0.0000364726        0.0229877231        0.0000264189
   3    1        -0.0000021564        0.0000264189        0.0208131915
H (hartree);  nadiab =       3; norbitals =       1
 i = 30, time =               15.000 (fs)
   1    1         0.0162623676       -0.0000363069       -0.0000021946
   2    1        -0.0000363069        0.0246104617        0.0000272659
   3    1        -0.0000021946        0.0000272659        0.0223632964
H (hartree);  nadiab =       3; norbitals =       1
 i = 31, time =               15.500 (fs)
   1    1         0.0176115663       -0.0000361390       -0.0000022331
   2    1        -0.0000361390        0.0264337545        0.0000280984
   3    1        -0.0000022331        0.0000280984        0.0241470078
H (hartree);  nadiab =       3; norbitals =       1
 i = 32, time =               16.000 (fs)
   1    1         0.0190591407       -0.0000359719       -0.0000022721
   2    1        -0.0000359719        0.0282800799        0.0000289189
   3    1        -0.0000022721        0.0000289189        0.0259828408
H (hartree);  nadiab =       3; norbitals =       1
 i = 33, time =               16.500 (fs)
   1    1         0.0203778045       -0.0000358094       -0.0000023117
   2    1        -0.0000358094        0.0299166062        0.0000297300
   3    1        -0.0000023117        0.0000297300        0.0276340174
H (hartree);  nadiab =       3; norbitals =       1
 i = 34, time =               17.000 (fs)
   1    1         0.0213418452       -0.0000356560       -0.0000023520
   2    1        -0.0000356560        0.0311134973        0.0000305346
   3    1        -0.0000023520        0.0000305346        0.0288669361
H (hartree);  nadiab =       3; norbitals =       1
 i = 35, time =               17.500 (fs)
   1    1         0.0217879558       -0.0000355162       -0.0000023932
   2    1        -0.0000355162        0.0317048458        0.0000313356
   3    1        -0.0000023932        0.0000313356        0.0295122260
H (hartree);  nadiab =       3; norbitals =       1
 i = 36, time =               18.000 (fs)
   1    1         0.0216600041       -0.0000353945       -0.0000024353
   2    1        -0.0000353945        0.0316334971        0.0000321353
   3    1        -0.0000024353        0.0000321353        0.0295096552
H (hartree);  nadiab =       3; norbitals =       1
 i = 37, time =               18.500 (fs)
   1    1         0.0210236050       -0.0000352946       -0.0000024784
   2    1        -0.0000352946        0.0309656315        0.0000329357
   3    1        -0.0000024784        0.0000329357        0.0289227668
H (hartree);  nadiab =       3; norbitals =       1
 i = 38, time =               19.000 (fs)
   1    1         0.0200455936       -0.0000352195       -0.0000025225
   2    1        -0.0000352195        0.0298702017        0.0000337379
   3    1        -0.0000025225        0.0000337379        0.0279183424
H (hartree);  nadiab =       3; norbitals =       1
 i = 39, time =               19.500 (fs)
   1    1         0.0189443872       -0.0000351711       -0.0000025676
   2    1        -0.0000351711        0.0285692137        0.0000345424
   3    1        -0.0000025676        0.0000345424        0.0267166867
H (hartree);  nadiab =       3; norbitals =       1
 i = 40, time =               20.000 (fs)
   1    1         0.0179263909       -0.0000351503       -0.0000026136
   2    1        -0.0000351503        0.0272740052        0.0000353489
   3    1        -0.0000026136        0.0000353489        0.0255278896
H (hartree);  nadiab =       3; norbitals =       1
 i = 41, time =               20.500 (fs)
   1    1         0.0171282906       -0.0000351571       -0.0000026604
   2    1        -0.0000351571        0.0261273692        0.0000361564
   3    1        -0.0000026604        0.0000361564        0.0244939157
H (hartree);  nadiab =       3; norbitals =       1
 i = 42, time =               21.000 (fs)
   1    1         0.0165831689       -0.0000351910       -0.0000027079
   2    1        -0.0000351910        0.0251694601        0.0000369632
   3    1        -0.0000027079        0.0000369632        0.0236544645
H (hartree);  nadiab =       3; norbitals =       1
 i = 43, time =               21.500 (fs)
   1    1         0.0162209018       -0.0000352509       -0.0000027560
   2    1        -0.0000352509        0.0243379480        0.0000377675
   3    1        -0.0000027560        0.0000377675        0.0229470699
H (hartree);  nadiab =       3; norbitals =       1
 i = 44, time =               22.000 (fs)
   1    1         0.0159023565       -0.0000353352       -0.0000028045
   2    1        -0.0000353352        0.0235019529        0.0000385670
   3    1        -0.0000028045        0.0000385670        0.0222409800
H (hartree);  nadiab =       3; norbitals =       1
 i = 45, time =               22.500 (fs)
   1    1         0.0154760567       -0.0000354421       -0.0000028532
   2    1        -0.0000354421        0.0225184352        0.0000393599
   3    1        -0.0000028532        0.0000393599        0.0213934967
H (hartree);  nadiab =       3; norbitals =       1
 i = 46, time =               23.000 (fs)
   1    1         0.0148386561       -0.0000355694       -0.0000029019
   2    1        -0.0000355694        0.0212924032        0.0000401444
   3    1        -0.0000029019        0.0000401444        0.0203101391
H (hartree);  nadiab =       3; norbitals =       1
 i = 47, time =               23.500 (fs)
   1    1         0.0139791969       -0.0000357148       -0.0000029505
   2    1        -0.0000357148        0.0198209282        0.0000409198
   3    1        -0.0000029505        0.0000409198        0.0189886223
H (hartree);  nadiab =       3; norbitals =       1
 i = 48, time =               24.000 (fs)
   1    1         0.0129922574       -0.0000358752       -0.0000029990
   2    1        -0.0000358752        0.0182060943        0.0000416860
   3    1        -0.0000029990        0.0000416860        0.0175317676
H (hartree);  nadiab =       3; norbitals =       1
 i = 49, time =               24.500 (fs)
   1    1         0.0120551273       -0.0000360472       -0.0000030472
   2    1        -0.0000360472        0.0166320344        0.0000424441
   3    1        -0.0000030472        0.0000424441        0.0161244923
H (hartree);  nadiab =       3; norbitals =       1
 i = 50, time =               25.000 (fs)
   1    1         0.0113758827       -0.0000362264       -0.0000030951
   2    1        -0.0000362264        0.0153129386        0.0000431965
   3    1        -0.0000030951        0.0000431965        0.0149817535
H (hartree);  nadiab =       3; norbitals =       1
 i = 51, time =               25.500 (fs)
   1    1         0.0111288579       -0.0000364079       -0.0000031428
   2    1        -0.0000364079        0.0144285416        0.0000439465
   3    1        -0.0000031428        0.0000439465        0.0142839462
H (hartree);  nadiab =       3; norbitals =       1
 i = 52, time =               26.000 (fs)
   1    1         0.0113983834       -0.0000365859       -0.0000031903
   2    1        -0.0000365859        0.0140679539        0.0000446989
   3    1        -0.0000031903        0.0000446989        0.0141206248
H (hartree);  nadiab =       3; norbitals =       1
 i = 53, time =               26.500 (fs)
   1    1         0.0121492506       -0.0000367536       -0.0000032377
   2    1        -0.0000367536        0.0142002932        0.0000454591
   3    1        -0.0000032377        0.0000454591        0.0144610073
H (hartree);  nadiab =       3; norbitals =       1
 i = 54, time =               27.000 (fs)
   1    1         0.0132339038       -0.0000369038       -0.0000032852
   2    1        -0.0000369038        0.0146820927        0.0000462331
   3    1        -0.0000032852        0.0000462331        0.0151612587
H (hartree);  nadiab =       3; norbitals =       1
 i = 55, time =               27.500 (fs)
   1    1         0.0144345490       -0.0000370287       -0.0000033328
   2    1        -0.0000370287        0.0152996446        0.0000470276
   3    1        -0.0000033328        0.0000470276        0.0160067322
H (hartree);  nadiab =       3; norbitals =       1
 i = 56, time =               28.000 (fs)
   1    1         0.0155270155       -0.0000371205       -0.0000033807
   2    1        -0.0000371205        0.0158330145        0.0000478489
   3    1        -0.0000033807        0.0000478489        0.0167759575
H (hartree);  nadiab =       3; norbitals =       1
 i = 57, time =               28.500 (fs)
   1    1         0.0163463505       -0.0000371718       -0.0000034290
   2    1        -0.0000371718        0.0161202420        0.0000487033
   3    1        -0.0000034290        0.0000487033        0.0173056197
H (hartree);  nadiab =       3; norbitals =       1
 i = 58, time =               29.000 (fs)
   1    1         0.0168717052       -0.0000371878       -0.0000034774
   2    1        -0.0000371878        0.0159953120        0.0000496014
   3    1        -0.0000034774        0.0000496014        0.0175019104
H (hartree);  nadiab =       3; norbitals =       1
 i = 59, time =               29.500 (fs)
   1    1         0.0171923055       -0.0000371629       -0.0000035260
   2    1        -0.0000371629        0.0155543142        0.0000505477
   3    1        -0.0000035260        0.0000505477        0.0174571371
H (hartree);  nadiab =       3; norbitals =       1
 i = 60, time =               30.000 (fs)
   1    1         0.0174987574       -0.0000370931       -0.0000035747
   2    1        -0.0000370931        0.0150027943        0.0000515449
   3    1        -0.0000035747        0.0000515449        0.0173688862
H (hartree);  nadiab =       3; norbitals =       1
 i = 61, time =               30.500 (fs)
   1    1         0.0180187456       -0.0000369761       -0.0000036235
   2    1        -0.0000369761        0.0145878194        0.0000525941
   3    1        -0.0000036235        0.0000525941        0.0174739787
H (hartree);  nadiab =       3; norbitals =       1
 i = 62, time =               31.000 (fs)
   1    1         0.0189383821       -0.0000368116       -0.0000036721
   2    1        -0.0000368116        0.0145185309        0.0000536944
   3    1        -0.0000036721        0.0000536944        0.0179694543
H (hartree);  nadiab =       3; norbitals =       1
 i = 63, time =               31.500 (fs)
   1    1         0.0203345337       -0.0000366017       -0.0000037204
   2    1        -0.0000366017        0.0148975801        0.0000548432
   3    1        -0.0000037204        0.0000548432        0.0189444304
H (hartree);  nadiab =       3; norbitals =       1
 i = 64, time =               32.000 (fs)
   1    1         0.0221400250       -0.0000363499       -0.0000037683
   2    1        -0.0000363499        0.0156853056        0.0000560360
   3    1        -0.0000037683        0.0000560360        0.0203447127
H (hartree);  nadiab =       3; norbitals =       1
 i = 65, time =               32.500 (fs)
   1    1         0.0241536533       -0.0000360617       -0.0000038154
   2    1        -0.0000360617        0.0167086401        0.0000572670
   3    1        -0.0000038154        0.0000572670        0.0219821335
H (hartree);  nadiab =       3; norbitals =       1
 i = 66, time =               33.000 (fs)
   1    1         0.0260929433       -0.0000357432       -0.0000038615
   2    1        -0.0000357432        0.0177127379        0.0000585293
   3    1        -0.0000038615        0.0000585293        0.0235865976
H (hartree);  nadiab =       3; norbitals =       1
 i = 67, time =               33.500 (fs)
   1    1         0.0276738396       -0.0000354004       -0.0000039066
   2    1        -0.0000354004        0.0184395896        0.0000598154
   3    1        -0.0000039066        0.0000598154        0.0248850963
H (hartree);  nadiab =       3; norbitals =       1
 i = 68, time =               34.000 (fs)
   1    1         0.0286925371       -0.0000350390       -0.0000039505
   2    1        -0.0000350390        0.0187088886        0.0000611179
   3    1        -0.0000039505        0.0000611179        0.0256829504
H (hartree);  nadiab =       3; norbitals =       1
 i = 69, time =               34.500 (fs)
   1    1         0.0290833195       -0.0000346630       -0.0000039930
   2    1        -0.0000346630        0.0184750687        0.0000624297
   3    1        -0.0000039930        0.0000624297        0.0259212007
H (hartree);  nadiab =       3; norbitals =       1
 i = 70, time =               35.000 (fs)
   1    1         0.0289334855       -0.0000342746       -0.0000040341
   2    1        -0.0000342746        0.0178416309        0.0000637447
   3    1        -0.0000040341        0.0000637447        0.0256912620
H (hartree);  nadiab =       3; norbitals =       1
 i = 71, time =               35.500 (fs)
   1    1         0.0284500088       -0.0000338740       -0.0000040739
   2    1        -0.0000338740        0.0170274182        0.0000650584
   3    1        -0.0000040739        0.0000650584        0.0252014951
H (hartree);  nadiab =       3; norbitals =       1
 i = 72, time =               36.000 (fs)
   1    1         0.0278879988       -0.0000334590       -0.0000041125
   2    1        -0.0000334590        0.0162949078        0.0000663677
   3    1        -0.0000041125        0.0000663677        0.0247057610
H (hartree);  nadiab =       3; norbitals =       1
 i = 73, time =               36.500 (fs)
   1    1         0.0274636751       -0.0000330253       -0.0000041498
   2    1        -0.0000330253        0.0158632128        0.0000676711
   3    1        -0.0000041498        0.0000676711        0.0244166416
H (hartree);  nadiab =       3; norbitals =       1
 i = 74, time =               37.000 (fs)
   1    1         0.0272800977       -0.0000325672       -0.0000041861
   2    1        -0.0000325672        0.0158340071        0.0000689689
   3    1        -0.0000041861        0.0000689689        0.0244315324
H (hartree);  nadiab =       3; norbitals =       1
 i = 75, time =               37.500 (fs)
   1    1         0.0272903549       -0.0000320781       -0.0000042216
   2    1        -0.0000320781        0.0161550406        0.0000702629
   3    1        -0.0000042216        0.0000702629        0.0246962672
H (hartree);  nadiab =       3; norbitals =       1
 i = 76, time =               38.000 (fs)
   1    1         0.0273112406       -0.0000315508       -0.0000042564
   2    1        -0.0000315508        0.0166342382        0.0000715560
   3    1        -0.0000042564        0.0000715560        0.0250192622
H (hartree);  nadiab =       3; norbitals =       1
 i = 77, time =               38.500 (fs)
   1    1         0.0270842493       -0.0000309786       -0.0000042907
   2    1        -0.0000309786        0.0170011783        0.0000728517
   3    1        -0.0000042907        0.0000728517        0.0251329715
H (hartree);  nadiab =       3; norbitals =       1
 i = 78, time =               39.000 (fs)
   1    1         0.0263652091       -0.0000303557       -0.0000043246
   2    1        -0.0000303557        0.0169972403        0.0000741538
   3    1        -0.0000043246        0.0000741538        0.0247839442
H (hartree);  nadiab =       3; norbitals =       1
 i = 79, time =               39.500 (fs)
   1    1         0.0250140115       -0.0000296781       -0.0000043582
   2    1        -0.0000296781        0.0164658575        0.0000754656
   3    1        -0.0000043582        0.0000754656        0.0238229205
H (hartree);  nadiab =       3; norbitals =       1
 i = 80, time =               40.000 (fs)
   1    1         0.0230551661       -0.0000289432       -0.0000043915
   2    1        -0.0000289432        0.0154135838        0.0000767897
   3    1        -0.0000043915        0.0000767897        0.0222656820
H (hartree);  nadiab =       3; norbitals =       1
 i = 81, time =               40.500 (fs)
   1    1         0.0206885100       -0.0000281509       -0.0000044246
   2    1        -0.0000281509        0.0140212896        0.0000781271
   3    1        -0.0000044246        0.0000781271        0.0203039796
H (hartree);  nadiab =       3; norbitals =       1
 i = 82, time =               41.000 (fs)
   1    1         0.0182447984       -0.0000273027       -0.0000044573
   2    1        -0.0000273027        0.0126002002        0.0000794773
   3    1        -0.0000044573        0.0000794773        0.0182612634
H (hartree);  nadiab =       3; norbitals =       1
 i = 83, time =               41.500 (fs)
   1    1         0.0160982856       -0.0000264024       -0.0000044896
   2    1        -0.0000264024        0.0115048766        0.0000808380
   3    1        -0.0000044896        0.0000808380        0.0165053281
H (hartree);  nadiab =       3; norbitals =       1
 i = 84, time =               42.000 (fs)
   1    1         0.0145622560       -0.0000254549       -0.0000045213
   2    1        -0.0000254549        0.0110290901        0.0000822051
   3    1        -0.0000045213        0.0000822051        0.0153438428
H (hartree);  nadiab =       3; norbitals =       1
 i = 85, time =               42.500 (fs)
   1    1         0.0137993868       -0.0000244662       -0.0000045523
   2    1        -0.0000244662        0.0113164693        0.0000835729
   3    1        -0.0000045523        0.0000835729        0.0149346581
H (hartree);  nadiab =       3; norbitals =       1
 i = 86, time =               43.000 (fs)
   1    1         0.0137747585       -0.0000234429       -0.0000045824
   2    1        -0.0000234429        0.0123137367        0.0000849349
   3    1        -0.0000045824        0.0000849349        0.0152387258
H (hartree);  nadiab =       3; norbitals =       1
 i = 87, time =               43.500 (fs)
   1    1         0.0142664512       -0.0000223914       -0.0000046114
   2    1        -0.0000223914        0.0137814875        0.0000862839
   3    1        -0.0000046114        0.0000862839        0.0160305880
H (hartree);  nadiab =       3; norbitals =       1
 i = 88, time =               44.000 (fs)
   1    1         0.0149312582       -0.0000213179       -0.0000046394
   2    1        -0.0000213179        0.0153602736        0.0000876130
   3    1        -0.0000046394        0.0000876130        0.0169640896
H (hartree);  nadiab =       3; norbitals =       1
 i = 89, time =               44.500 (fs)
   1    1         0.0153457658       -0.0000202154       -0.0000046666
   2    1        -0.0000202154        0.0167673295        0.0000889078
   3    1        -0.0000046666        0.0000889078        0.0176914276
H (hartree);  nadiab =       3; norbitals =       1
 i = 90, time =               45.000 (fs)
   1    1         0.0152891695       -0.0000190884       -0.0000046930
   2    1        -0.0000190884        0.0177636436        0.0000901641
   3    1        -0.0000046930        0.0000901641        0.0179875678
H (hartree);  nadiab =       3; norbitals =       1
 i = 91, time =               45.500 (fs)
   1    1         0.0147112019       -0.0000179409       -0.0000047186
   2    1        -0.0000179409        0.0182776029        0.0000913795
   3    1        -0.0000047186        0.0000913795        0.0177961239
H (hartree);  nadiab =       3; norbitals =       1
 i = 92, time =               46.000 (fs)
   1    1         0.0137532248       -0.0000167763       -0.0000047435
   2    1        -0.0000167763        0.0184268024        0.0000925539
   3    1        -0.0000047435        0.0000925539        0.0172507442
H (hartree);  nadiab =       3; norbitals =       1
 i = 93, time =               46.500 (fs)
   1    1         0.0127079626       -0.0000155978       -0.0000047678
   2    1        -0.0000155978        0.0184783694        0.0000936895
   3    1        -0.0000047678        0.0000936895        0.0166350804
H (hartree);  nadiab =       3; norbitals =       1
 i = 94, time =               47.000 (fs)
   1    1         0.0119297475       -0.0000144086       -0.0000047916
   2    1        -0.0000144086        0.0187599550        0.0000947905
   3    1        -0.0000047916        0.0000947905        0.0162933323
H (hartree);  nadiab =       3; norbitals =       1
 i = 95, time =               47.500 (fs)
   1    1         0.0117230406       -0.0000132123       -0.0000048150
   2    1        -0.0000132123        0.0195491381        0.0000958627
   3    1        -0.0000048150        0.0000958627        0.0165191194
H (hartree);  nadiab =       3; norbitals =       1
 i = 96, time =               48.000 (fs)
   1    1         0.0122440226       -0.0000120133       -0.0000048380
   2    1        -0.0000120133        0.0209760010        0.0000969129
   3    1        -0.0000048380        0.0000969129        0.0174574545
H (hartree);  nadiab =       3; norbitals =       1
 i = 97, time =               48.500 (fs)
   1    1         0.0134462762       -0.0000108171       -0.0000048608
   2    1        -0.0000108171        0.0229698521        0.0000979486
   3    1        -0.0000048608        0.0000979486        0.0190508288
H (hartree);  nadiab =       3; norbitals =       1
 i = 98, time =               49.000 (fs)
   1    1         0.0150880760       -0.0000096302       -0.0000048833
   2    1        -0.0000096302        0.0252675543        0.0000989768
   3    1        -0.0000048833        0.0000989768        0.0210469142
H (hartree);  nadiab =       3; norbitals =       1
 i = 99, time =               49.500 (fs)
   1    1         0.0167997572       -0.0000084603       -0.0000049056
   2    1        -0.0000084603        0.0274818723        0.0001000043
   3    1        -0.0000049056        0.0001000043        0.0230663452
H (hartree);  nadiab =       3; norbitals =       1
 i = 100, time =               50.000 (fs)
   1    1         0.0181909779       -0.0000073156       -0.0000049276
   2    1        -0.0000073156        0.0292095920        0.0001010365
   3    1        -0.0000049276        0.0001010365        0.0247103875
H (hartree);  nadiab =       3; norbitals =       1
 i = 101, time =               50.500 (fs)
   1    1         0.0189652124       -0.0000062048       -0.0000049492
   2    1        -0.0000062048        0.0301466929        0.0001020771
   3    1        -0.0000049492        0.0001020771        0.0256758167
H (hartree);  nadiab =       3; norbitals =       1
 i = 102, time =               51.000 (fs)
   1    1         0.0190063914       -0.0000051360       -0.0000049704
   2    1        -0.0000051360        0.0301754376        0.0001031285
   3    1        -0.0000049704        0.0001031285        0.0258419041
H (hartree);  nadiab =       3; norbitals =       1
 i = 103, time =               51.500 (fs)
   1    1         0.0184110117       -0.0000041169       -0.0000049909
   2    1        -0.0000041169        0.0293966604        0.0001041908
   3    1        -0.0000049909        0.0001041908        0.0253028047
H (hartree);  nadiab =       3; norbitals =       1
 i = 104, time =               52.000 (fs)
   1    1         0.0174557269       -0.0000031532       -0.0000050107
   2    1        -0.0000031532        0.0280972376        0.0001052628
   3    1        -0.0000050107        0.0001052628        0.0243353281
H (hartree);  nadiab =       3; norbitals =       1
 i = 105, time =               52.500 (fs)
   1    1         0.0165102819       -0.0000022489       -0.0000050298
   2    1        -0.0000022489        0.0266625936        0.0001063416
   3    1        -0.0000050298        0.0001063416        0.0233119233
H (hartree);  nadiab =       3; norbitals =       1
 i = 106, time =               53.000 (fs)
   1    1         0.0159225517       -0.0000014054       -0.0000050480
   2    1        -0.0000014054        0.0254610151        0.0001074233
   3    1        -0.0000050480        0.0001074233        0.0225856113
H (hartree);  nadiab =       3; norbitals =       1
 i = 107, time =               53.500 (fs)
   1    1         0.0159110908       -0.0000006218       -0.0000050654
   2    1        -0.0000006218        0.0247352129        0.0001085033
   3    1        -0.0000050654        0.0001085033        0.0223822603
H (hartree);  nadiab =       3; norbitals =       1
 i = 108, time =               54.000 (fs)
   1    1         0.0164982528        0.0000001054       -0.0000050819
   2    1         0.0000001054        0.0245342509        0.0001095766
   3    1        -0.0000050819        0.0001095766        0.0227332676
H (hartree);  nadiab =       3; norbitals =       1
 i = 109, time =               54.500 (fs)
   1    1         0.0175042548        0.0000007819       -0.0000050976
   2    1         0.0000007819        0.0247062917        0.0001106386
   3    1        -0.0000050976        0.0001106386        0.0234690492
H (hartree);  nadiab =       3; norbitals =       1
 i = 110, time =               55.000 (fs)
   1    1         0.0186035190        0.0000014147       -0.0000051126
   2    1         0.0000014147        0.0249535824        0.0001116851
   3    1        -0.0000051126        0.0001116851        0.0242747158
H (hartree);  nadiab =       3; norbitals =       1
 i = 111, time =               55.500 (fs)
   1    1         0.0194252694        0.0000020117       -0.0000051270
   2    1         0.0000020117        0.0249317511        0.0001127125
   3    1        -0.0000051270        0.0001127125        0.0247899724
H (hartree);  nadiab =       3; norbitals =       1
 i = 112, time =               56.000 (fs)
   1    1         0.0196668297        0.0000025810       -0.0000051407
   2    1         0.0000025810        0.0243619481        0.0001137184
   3    1        -0.0000051407        0.0001137184        0.0247217549
H (hartree);  nadiab =       3; norbitals =       1
 i = 113, time =               56.500 (fs)
   1    1         0.0191845790        0.0000031301       -0.0000051540
   2    1         0.0000031301        0.0231208605        0.0001147015
   3    1        -0.0000051540        0.0001147015        0.0239346235
H (hartree);  nadiab =       3; norbitals =       1
 i = 114, time =               57.000 (fs)
   1    1         0.0180350826        0.0000036651       -0.0000051667
   2    1         0.0000036651        0.0212811697        0.0001156615
   3    1        -0.0000051667        0.0001156615        0.0224914829
H (hartree);  nadiab =       3; norbitals =       1
 i = 115, time =               57.500 (fs)
   1    1         0.0164549442        0.0000041910       -0.0000051790
   2    1         0.0000041910        0.0190910236        0.0001165992
   3    1        -0.0000051790        0.0001165992        0.0206332118
H (hartree);  nadiab =       3; norbitals =       1
 i = 116, time =               58.000 (fs)
   1    1         0.0147871983        0.0000047112       -0.0000051906
   2    1         0.0000047112        0.0169003448        0.0001175164
   3    1        -0.0000051906        0.0001175164        0.0187050337
H (hartree);  nadiab =       3; norbitals =       1
 i = 117, time =               58.500 (fs)
   1    1         0.0133784465        0.0000052276       -0.0000052016
   2    1         0.0000052276        0.0150581561        0.0001184159
   3    1        -0.0000052016        0.0001184159        0.0170538284
H (hartree);  nadiab =       3; norbitals =       1
 i = 118, time =               59.000 (fs)
   1    1         0.0124793185        0.0000057413       -0.0000052118
   2    1         0.0000057413        0.0138134671        0.0001193011
   3    1        -0.0000052118        0.0001193011        0.0159289390
H (hartree);  nadiab =       3; norbitals =       1
 i = 119, time =               59.500 (fs)
   1    1         0.0121788433        0.0000062531       -0.0000052211
   2    1         0.0000062531        0.0132502541        0.0001201761
   3    1        -0.0000052211        0.0001201761        0.0154170176
H (hartree);  nadiab =       3; norbitals =       1
 i = 120, time =               60.000 (fs)
   1    1         0.0123917734        0.0000067635       -0.0000052292
   2    1         0.0000067635        0.0132755198        0.0001210454
   3    1        -0.0000052292        0.0001210454        0.0154299046
H (hartree);  nadiab =       3; norbitals =       1
 i = 121, time =               60.500 (fs)
   1    1         0.0129007029        0.0000072736       -0.0000052359
   2    1         0.0000072736        0.0136622160        0.0001219134
   3    1        -0.0000052359        0.0001219134        0.0157473224
H (hartree);  nadiab =       3; norbitals =       1
 i = 122, time =               61.000 (fs)
   1    1         0.0134375177        0.0000077854       -0.0000052412
   2    1         0.0000077854        0.0141315112        0.0001227847
   3    1        -0.0000052412        0.0001227847        0.0160988660
H (hartree);  nadiab =       3; norbitals =       1
 i = 123, time =               61.500 (fs)
   1    1         0.0137767366        0.0000083014       -0.0000052448
   2    1         0.0000083014        0.0144469133        0.0001236634
   3    1        -0.0000052448        0.0001236634        0.0162577946
H (hartree);  nadiab =       3; norbitals =       1
 i = 124, time =               62.000 (fs)
   1    1         0.0138102979        0.0000088255       -0.0000052466
   2    1         0.0000088255        0.0144897589        0.0001245529
   3    1        -0.0000052466        0.0001245529        0.0161161333
H (hartree);  nadiab =       3; norbitals =       1
 i = 125, time =               62.500 (fs)
   1    1         0.0135800769        0.0000093617       -0.0000052465
   2    1         0.0000093617        0.0142923207        0.0001254555
   3    1        -0.0000052465        0.0001254555        0.0157173394
H (hartree);  nadiab =       3; norbitals =       1
 i = 126, time =               63.000 (fs)
   1    1         0.0132585520        0.0000099149       -0.0000052443
   2    1         0.0000099149        0.0140189258        0.0001263722
   3    1        -0.0000052443        0.0001263722        0.0152369367
H (hartree);  nadiab =       3; norbitals =       1
 i = 127, time =               63.500 (fs)
   1    1         0.0130849439        0.0000104898       -0.0000052400
   2    1         0.0000104898        0.0139023989        0.0001273024
   3    1        -0.0000052400        0.0001273024        0.0149184494
H (hartree);  nadiab =       3; norbitals =       1
 i = 128, time =               64.000 (fs)
   1    1         0.0132783768        0.0000110907       -0.0000052336
   2    1         0.0000110907        0.0141573768        0.0001282439
   3    1        -0.0000052336        0.0001282439        0.0149862135
H (hartree);  nadiab =       3; norbitals =       1
 i = 129, time =               64.500 (fs)
   1    1         0.0139566838        0.0000117212       -0.0000052251
   2    1         0.0000117212        0.0148991229        0.0001291924
   3    1        -0.0000052251        0.0001291924        0.0155637287
H (hartree);  nadiab =       3; norbitals =       1
