H (hartree);  nadiab =       3; norbitals =       1
 i = 0, time =                0.000 (fs)
   1    1         0.0286725972       -0.0000380500       -0.0000010794
   2    1        -0.0000380500        0.0171638380       -0.0000007153
   3    1        -0.0000010794       -0.0000007153        0.0254551890
H (hartree);  nadiab =       3; norbitals =       1
 i = 1, time =                0.500 (fs)
   1    1         0.0294065269       -0.0000382056       -0.0000011170
   2    1        -0.0000382056        0.0176449323        0.0000001185
   3    1        -0.0000011170        0.0000001185        0.0261799944
H (hartree);  nadiab =       3; norbitals =       1
 i = 2, time =                1.000 (fs)
   1    1         0.0293569915       -0.0000383361       -0.0000011545
   2    1        -0.0000383361        0.0176579184        0.0000009691
   3    1        -0.0000011545        0.0000009691        0.0262628415
H (hartree);  nadiab =       3; norbitals =       1
 i = 3, time =                1.500 (fs)
   1    1         0.0284926031       -0.0000384432       -0.0000011919
   2    1        -0.0000384432        0.0171712763        0.0000018361
   3    1        -0.0000011919        0.0000018361        0.0256680712
H (hartree);  nadiab =       3; norbitals =       1
 i = 4, time =                2.000 (fs)
   1    1         0.0269023110       -0.0000385275       -0.0000012291
   2    1        -0.0000385275        0.0162656838        0.0000027181
   3    1        -0.0000012291        0.0000027181        0.0244767104
H (hartree);  nadiab =       3; norbitals =       1
 i = 5, time =                2.500 (fs)
   1    1         0.0247856266       -0.0000385887       -0.0000012661
   2    1        -0.0000385887        0.0151243680        0.0000036135
   3    1        -0.0000012661        0.0000036135        0.0228769838
H (hartree);  nadiab =       3; norbitals =       1
 i = 6, time =                3.000 (fs)
   1    1         0.0224163234       -0.0000386256       -0.0000013030
   2    1        -0.0000386256        0.0139972206        0.0000045202
   3    1        -0.0000013030        0.0000045202        0.0211284284
H (hartree);  nadiab =       3; norbitals =       1
 i = 7, time =                3.500 (fs)
   1    1         0.0200883184       -0.0000386366       -0.0000013397
   2    1        -0.0000386366        0.0131473706        0.0000054362
   3    1        -0.0000013397        0.0000054362        0.0195082903
H (hartree);  nadiab =       3; norbitals =       1
 i = 8, time =                4.000 (fs)
   1    1         0.0180579327       -0.0000386201       -0.0000013764
   2    1        -0.0000386201        0.0127943904        0.0000063596
   3    1        -0.0000013764        0.0000063596        0.0182543763
H (hartree);  nadiab =       3; norbitals =       1
 i = 9, time =                4.500 (fs)
   1    1         0.0164913432       -0.0000385727       -0.0000014131
   2    1        -0.0000385727        0.0130820145        0.0000072890
   3    1        -0.0000014131        0.0000072890        0.0175515623
H (hartree);  nadiab =       3; norbitals =       1
 i = 10, time =                5.000 (fs)
   1    1         0.0154720935       -0.0000384962       -0.0000014499
   2    1        -0.0000384962        0.0140291687        0.0000082235
   3    1        -0.0000014499        0.0000082235        0.0174237019
