H (hartree);  nadiab =       3; norbitals =       1
 i = 0, time =                0.000 (fs)
   1    1         0.0286725972       -0.0000380500       -0.0000010794
   2    1        -0.0000380500        0.0171638380       -0.0000007153
   3    1        -0.0000010794       -0.0000007153        0.0254551890
H (hartree);  nadiab =       3; norbitals =       1
 i = 1, time =                0.500 (fs)
   1    1         0.0294775457       -0.0000382097       -0.0000011169
   2    1        -0.0000382097        0.0176767010        0.0000001189
   3    1        -0.0000011169        0.0000001189        0.0261725115
H (hartree);  nadiab =       3; norbitals =       1
 i = 2, time =                1.000 (fs)
   1    1         0.0296369688       -0.0000383524       -0.0000011543
   2    1        -0.0000383524        0.0177819266        0.0000009707
   3    1        -0.0000011543        0.0000009707        0.0262308833
H (hartree);  nadiab =       3; norbitals =       1
 i = 3, time =                1.500 (fs)
   1    1         0.0291029413       -0.0000384793       -0.0000011915
   2    1        -0.0000384793        0.0174345119        0.0000018396
   3    1        -0.0000011915        0.0000018396        0.0255842449
H (hartree);  nadiab =       3; norbitals =       1
 i = 4, time =                2.000 (fs)
   1    1         0.0279361141       -0.0000385908       -0.0000012285
   2    1        -0.0000385908        0.0166917962        0.0000027244
   3    1        -0.0000012285        0.0000027244        0.0242952958
H (hartree);  nadiab =       3; norbitals =       1
 i = 5, time =                2.500 (fs)
   1    1         0.0263001527       -0.0000386860       -0.0000012652
   2    1        -0.0000386860        0.0157078437        0.0000036230
   3    1        -0.0000012652        0.0000036230        0.0225298533
H (hartree);  nadiab =       3; norbitals =       1
 i = 6, time =                3.000 (fs)
   1    1         0.0244306956       -0.0000387632       -0.0000013016
   2    1        -0.0000387632        0.0147025766        0.0000045334
   3    1        -0.0000013016        0.0000045334        0.0205257386
H (hartree);  nadiab =       3; norbitals =       1
 i = 7, time =                3.500 (fs)
   1    1         0.0225864428       -0.0000388200       -0.0000013379
   2    1        -0.0000388200        0.0139132711        0.0000054531
   3    1        -0.0000013379        0.0000054531        0.0185438031
H (hartree);  nadiab =       3; norbitals =       1
 i = 8, time =                4.000 (fs)
   1    1         0.0209955557       -0.0000388539       -0.0000013740
   2    1        -0.0000388539        0.0135415901        0.0000063801
   3    1        -0.0000013740        0.0000063801        0.0168142776
H (hartree);  nadiab =       3; norbitals =       1
 i = 9, time =                4.500 (fs)
   1    1         0.0198121075       -0.0000388629       -0.0000014100
   2    1        -0.0000388629        0.0137108695        0.0000073126
   3    1        -0.0000014100        0.0000073126        0.0154931897
H (hartree);  nadiab =       3; norbitals =       1
 i = 10, time =                5.000 (fs)
   1    1         0.0190942906       -0.0000388454       -0.0000014460
   2    1        -0.0000388454        0.0144453320        0.0000082493
   3    1        -0.0000014460        0.0000082493        0.0146405629
